Time: 0
Clients: (22, 2, 4)(9, 3, 3)(20, 3, 1)(21, 3, 3)(25, 4, 4)(46, 4, 6)(1, 5, 2)(14, 5, 3)(23, 5, 2)(30, 5, 1)(48, 5, 2)(37, 8, 2)(2, 9, 4)(7, 9, 2)(44, 10, 2)(19, 11, 1)(27, 11, 6)(36, 11, 4)(13, 13, 1)(38, 13, 4)(11, 14, 4)(28, 15, 1)(29, 15, 2)(16, 16, 4)(6, 18, 2)(17, 19, 2)(47, 20, 2)(45, 21, 1)(10, 22, 1)(4, 23, 3)(40, 23, 1)(31, 24, 2)(42, 25, 3)(49, 26, 1)(0, 27, 2)(5, 28, 3)(33, 28, 2)(3, 29, 2)(18, 31, 4)(35, 31, 4)(34, 32, 4)(43, 32, 3)(24, 33, 5)(26, 33, 6)(12, 34, 3)(41, 35, 1)(15, 37, 3)(8, 39, 5)(32, 39, 1)(39, 39, 3)
Queue 0: []
Queue 1: []
Queue 2: []
Queue 3: []
Queue 4: []
Time: 1
Clients: (22, 2, 4)(9, 3, 3)(20, 3, 1)(21, 3, 3)(25, 4, 4)(46, 4, 6)(1, 5, 2)(14, 5, 3)(23, 5, 2)(30, 5, 1)(48, 5, 2)(37, 8, 2)(2, 9, 4)(7, 9, 2)(44, 10, 2)(19, 11, 1)(27, 11, 6)(36, 11, 4)(13, 13, 1)(38, 13, 4)(11, 14, 4)(28, 15, 1)(29, 15, 2)(16, 16, 4)(6, 18, 2)(17, 19, 2)(47, 20, 2)(45, 21, 1)(10, 22, 1)(4, 23, 3)(40, 23, 1)(31, 24, 2)(42, 25, 3)(49, 26, 1)(0, 27, 2)(5, 28, 3)(33, 28, 2)(3, 29, 2)(18, 31, 4)(35, 31, 4)(34, 32, 4)(43, 32, 3)(24, 33, 5)(26, 33, 6)(12, 34, 3)(41, 35, 1)(15, 37, 3)(8, 39, 5)(32, 39, 1)(39, 39, 3)
Queue 0: []
Queue 1: []
Queue 2: []
Queue 3: []
Queue 4: []
Time: 2
Clients: (9, 3, 3)(20, 3, 1)(21, 3, 3)(25, 4, 4)(46, 4, 6)(1, 5, 2)(14, 5, 3)(23, 5, 2)(30, 5, 1)(48, 5, 2)(37, 8, 2)(2, 9, 4)(7, 9, 2)(44, 10, 2)(19, 11, 1)(27, 11, 6)(36, 11, 4)(13, 13, 1)(38, 13, 4)(11, 14, 4)(28, 15, 1)(29, 15, 2)(16, 16, 4)(6, 18, 2)(17, 19, 2)(47, 20, 2)(45, 21, 1)(10, 22, 1)(4, 23, 3)(40, 23, 1)(31, 24, 2)(42, 25, 3)(49, 26, 1)(0, 27, 2)(5, 28, 3)(33, 28, 2)(3, 29, 2)(18, 31, 4)(35, 31, 4)(34, 32, 4)(43, 32, 3)(24, 33, 5)(26, 33, 6)(12, 34, 3)(41, 35, 1)(15, 37, 3)(8, 39, 5)(32, 39, 1)(39, 39, 3)
Queue 0: [(22, 2, 4)]
Queue 1: []
Queue 2: []
Queue 3: []
Queue 4: []
Time: 3
Clients: (25, 4, 4)(46, 4, 6)(1, 5, 2)(14, 5, 3)(23, 5, 2)(30, 5, 1)(48, 5, 2)(37, 8, 2)(2, 9, 4)(7, 9, 2)(44, 10, 2)(19, 11, 1)(27, 11, 6)(36, 11, 4)(13, 13, 1)(38, 13, 4)(11, 14, 4)(28, 15, 1)(29, 15, 2)(16, 16, 4)(6, 18, 2)(17, 19, 2)(47, 20, 2)(45, 21, 1)(10, 22, 1)(4, 23, 3)(40, 23, 1)(31, 24, 2)(42, 25, 3)(49, 26, 1)(0, 27, 2)(5, 28, 3)(33, 28, 2)(3, 29, 2)(18, 31, 4)(35, 31, 4)(34, 32, 4)(43, 32, 3)(24, 33, 5)(26, 33, 6)(12, 34, 3)(41, 35, 1)(15, 37, 3)(8, 39, 5)(32, 39, 1)(39, 39, 3)
Queue 0: [(22, 2, 3)]
Queue 1: [(9, 3, 3)]
Queue 2: [(20, 3, 1)]
Queue 3: [(21, 3, 3)]
Queue 4: []
Time: 4
Clients: (1, 5, 2)(14, 5, 3)(23, 5, 2)(30, 5, 1)(48, 5, 2)(37, 8, 2)(2, 9, 4)(7, 9, 2)(44, 10, 2)(19, 11, 1)(27, 11, 6)(36, 11, 4)(13, 13, 1)(38, 13, 4)(11, 14, 4)(28, 15, 1)(29, 15, 2)(16, 16, 4)(6, 18, 2)(17, 19, 2)(47, 20, 2)(45, 21, 1)(10, 22, 1)(4, 23, 3)(40, 23, 1)(31, 24, 2)(42, 25, 3)(49, 26, 1)(0, 27, 2)(5, 28, 3)(33, 28, 2)(3, 29, 2)(18, 31, 4)(35, 31, 4)(34, 32, 4)(43, 32, 3)(24, 33, 5)(26, 33, 6)(12, 34, 3)(41, 35, 1)(15, 37, 3)(8, 39, 5)(32, 39, 1)(39, 39, 3)
Queue 0: [(22, 2, 2)]
Queue 1: [(9, 3, 2)]
Queue 2: [(25, 4, 4)]
Queue 3: [(21, 3, 2)]
Queue 4: [(46, 4, 6)]
Time: 5
Clients: (37, 8, 2)(2, 9, 4)(7, 9, 2)(44, 10, 2)(19, 11, 1)(27, 11, 6)(36, 11, 4)(13, 13, 1)(38, 13, 4)(11, 14, 4)(28, 15, 1)(29, 15, 2)(16, 16, 4)(6, 18, 2)(17, 19, 2)(47, 20, 2)(45, 21, 1)(10, 22, 1)(4, 23, 3)(40, 23, 1)(31, 24, 2)(42, 25, 3)(49, 26, 1)(0, 27, 2)(5, 28, 3)(33, 28, 2)(3, 29, 2)(18, 31, 4)(35, 31, 4)(34, 32, 4)(43, 32, 3)(24, 33, 5)(26, 33, 6)(12, 34, 3)(41, 35, 1)(15, 37, 3)(8, 39, 5)(32, 39, 1)(39, 39, 3)
Queue 0: [(22, 2, 1), (1, 5, 2), (30, 5, 1)]
Queue 1: [(9, 3, 1), (14, 5, 3)]
Queue 2: [(25, 4, 4)]
Queue 3: [(21, 3, 1), (23, 5, 2), (48, 5, 2)]
Queue 4: [(46, 4, 5)]
Time: 6
Clients: (37, 8, 2)(2, 9, 4)(7, 9, 2)(44, 10, 2)(19, 11, 1)(27, 11, 6)(36, 11, 4)(13, 13, 1)(38, 13, 4)(11, 14, 4)(28, 15, 1)(29, 15, 2)(16, 16, 4)(6, 18, 2)(17, 19, 2)(47, 20, 2)(45, 21, 1)(10, 22, 1)(4, 23, 3)(40, 23, 1)(31, 24, 2)(42, 25, 3)(49, 26, 1)(0, 27, 2)(5, 28, 3)(33, 28, 2)(3, 29, 2)(18, 31, 4)(35, 31, 4)(34, 32, 4)(43, 32, 3)(24, 33, 5)(26, 33, 6)(12, 34, 3)(41, 35, 1)(15, 37, 3)(8, 39, 5)(32, 39, 1)(39, 39, 3)
Queue 0: [(1, 5, 2), (30, 5, 1)]
Queue 1: [(14, 5, 3)]
Queue 2: [(25, 4, 3)]
Queue 3: [(23, 5, 2), (48, 5, 2)]
Queue 4: [(46, 4, 4)]
Time: 7
Clients: (37, 8, 2)(2, 9, 4)(7, 9, 2)(44, 10, 2)(19, 11, 1)(27, 11, 6)(36, 11, 4)(13, 13, 1)(38, 13, 4)(11, 14, 4)(28, 15, 1)(29, 15, 2)(16, 16, 4)(6, 18, 2)(17, 19, 2)(47, 20, 2)(45, 21, 1)(10, 22, 1)(4, 23, 3)(40, 23, 1)(31, 24, 2)(42, 25, 3)(49, 26, 1)(0, 27, 2)(5, 28, 3)(33, 28, 2)(3, 29, 2)(18, 31, 4)(35, 31, 4)(34, 32, 4)(43, 32, 3)(24, 33, 5)(26, 33, 6)(12, 34, 3)(41, 35, 1)(15, 37, 3)(8, 39, 5)(32, 39, 1)(39, 39, 3)
Queue 0: [(1, 5, 1), (30, 5, 1)]
Queue 1: [(14, 5, 2)]
Queue 2: [(25, 4, 2)]
Queue 3: [(23, 5, 1), (48, 5, 2)]
Queue 4: [(46, 4, 3)]
Time: 8
Clients: (2, 9, 4)(7, 9, 2)(44, 10, 2)(19, 11, 1)(27, 11, 6)(36, 11, 4)(13, 13, 1)(38, 13, 4)(11, 14, 4)(28, 15, 1)(29, 15, 2)(16, 16, 4)(6, 18, 2)(17, 19, 2)(47, 20, 2)(45, 21, 1)(10, 22, 1)(4, 23, 3)(40, 23, 1)(31, 24, 2)(42, 25, 3)(49, 26, 1)(0, 27, 2)(5, 28, 3)(33, 28, 2)(3, 29, 2)(18, 31, 4)(35, 31, 4)(34, 32, 4)(43, 32, 3)(24, 33, 5)(26, 33, 6)(12, 34, 3)(41, 35, 1)(15, 37, 3)(8, 39, 5)(32, 39, 1)(39, 39, 3)
Queue 0: [(30, 5, 1), (37, 8, 2)]
Queue 1: [(14, 5, 1)]
Queue 2: [(25, 4, 1)]
Queue 3: [(48, 5, 2)]
Queue 4: [(46, 4, 2)]
Time: 9
Clients: (44, 10, 2)(19, 11, 1)(27, 11, 6)(36, 11, 4)(13, 13, 1)(38, 13, 4)(11, 14, 4)(28, 15, 1)(29, 15, 2)(16, 16, 4)(6, 18, 2)(17, 19, 2)(47, 20, 2)(45, 21, 1)(10, 22, 1)(4, 23, 3)(40, 23, 1)(31, 24, 2)(42, 25, 3)(49, 26, 1)(0, 27, 2)(5, 28, 3)(33, 28, 2)(3, 29, 2)(18, 31, 4)(35, 31, 4)(34, 32, 4)(43, 32, 3)(24, 33, 5)(26, 33, 6)(12, 34, 3)(41, 35, 1)(15, 37, 3)(8, 39, 5)(32, 39, 1)(39, 39, 3)
Queue 0: [(37, 8, 2)]
Queue 1: [(2, 9, 4)]
Queue 2: [(7, 9, 2)]
Queue 3: [(48, 5, 1)]
Queue 4: [(46, 4, 1)]
Time: 10
Clients: (19, 11, 1)(27, 11, 6)(36, 11, 4)(13, 13, 1)(38, 13, 4)(11, 14, 4)(28, 15, 1)(29, 15, 2)(16, 16, 4)(6, 18, 2)(17, 19, 2)(47, 20, 2)(45, 21, 1)(10, 22, 1)(4, 23, 3)(40, 23, 1)(31, 24, 2)(42, 25, 3)(49, 26, 1)(0, 27, 2)(5, 28, 3)(33, 28, 2)(3, 29, 2)(18, 31, 4)(35, 31, 4)(34, 32, 4)(43, 32, 3)(24, 33, 5)(26, 33, 6)(12, 34, 3)(41, 35, 1)(15, 37, 3)(8, 39, 5)(32, 39, 1)(39, 39, 3)
Queue 0: [(37, 8, 1)]
Queue 1: [(2, 9, 4)]
Queue 2: [(7, 9, 2)]
Queue 3: [(44, 10, 2)]
Queue 4: []
Time: 11
Clients: (13, 13, 1)(38, 13, 4)(11, 14, 4)(28, 15, 1)(29, 15, 2)(16, 16, 4)(6, 18, 2)(17, 19, 2)(47, 20, 2)(45, 21, 1)(10, 22, 1)(4, 23, 3)(40, 23, 1)(31, 24, 2)(42, 25, 3)(49, 26, 1)(0, 27, 2)(5, 28, 3)(33, 28, 2)(3, 29, 2)(18, 31, 4)(35, 31, 4)(34, 32, 4)(43, 32, 3)(24, 33, 5)(26, 33, 6)(12, 34, 3)(41, 35, 1)(15, 37, 3)(8, 39, 5)(32, 39, 1)(39, 39, 3)
Queue 0: [(19, 11, 1), (36, 11, 4)]
Queue 1: [(2, 9, 3)]
Queue 2: [(7, 9, 1)]
Queue 3: [(44, 10, 2)]
Queue 4: [(27, 11, 6)]
Time: 12
Clients: (13, 13, 1)(38, 13, 4)(11, 14, 4)(28, 15, 1)(29, 15, 2)(16, 16, 4)(6, 18, 2)(17, 19, 2)(47, 20, 2)(45, 21, 1)(10, 22, 1)(4, 23, 3)(40, 23, 1)(31, 24, 2)(42, 25, 3)(49, 26, 1)(0, 27, 2)(5, 28, 3)(33, 28, 2)(3, 29, 2)(18, 31, 4)(35, 31, 4)(34, 32, 4)(43, 32, 3)(24, 33, 5)(26, 33, 6)(12, 34, 3)(41, 35, 1)(15, 37, 3)(8, 39, 5)(32, 39, 1)(39, 39, 3)
Queue 0: [(19, 11, 1), (36, 11, 4)]
Queue 1: [(2, 9, 2)]
Queue 2: []
Queue 3: [(44, 10, 1)]
Queue 4: [(27, 11, 5)]
Time: 13
Clients: (11, 14, 4)(28, 15, 1)(29, 15, 2)(16, 16, 4)(6, 18, 2)(17, 19, 2)(47, 20, 2)(45, 21, 1)(10, 22, 1)(4, 23, 3)(40, 23, 1)(31, 24, 2)(42, 25, 3)(49, 26, 1)(0, 27, 2)(5, 28, 3)(33, 28, 2)(3, 29, 2)(18, 31, 4)(35, 31, 4)(34, 32, 4)(43, 32, 3)(24, 33, 5)(26, 33, 6)(12, 34, 3)(41, 35, 1)(15, 37, 3)(8, 39, 5)(32, 39, 1)(39, 39, 3)
Queue 0: [(36, 11, 4)]
Queue 1: [(2, 9, 1)]
Queue 2: [(13, 13, 1)]
Queue 3: [(38, 13, 4)]
Queue 4: [(27, 11, 4)]
Time: 14
Clients: (28, 15, 1)(29, 15, 2)(16, 16, 4)(6, 18, 2)(17, 19, 2)(47, 20, 2)(45, 21, 1)(10, 22, 1)(4, 23, 3)(40, 23, 1)(31, 24, 2)(42, 25, 3)(49, 26, 1)(0, 27, 2)(5, 28, 3)(33, 28, 2)(3, 29, 2)(18, 31, 4)(35, 31, 4)(34, 32, 4)(43, 32, 3)(24, 33, 5)(26, 33, 6)(12, 34, 3)(41, 35, 1)(15, 37, 3)(8, 39, 5)(32, 39, 1)(39, 39, 3)
Queue 0: [(36, 11, 3)]
Queue 1: [(11, 14, 4)]
Queue 2: []
Queue 3: [(38, 13, 4)]
Queue 4: [(27, 11, 3)]
Time: 15
Clients: (16, 16, 4)(6, 18, 2)(17, 19, 2)(47, 20, 2)(45, 21, 1)(10, 22, 1)(4, 23, 3)(40, 23, 1)(31, 24, 2)(42, 25, 3)(49, 26, 1)(0, 27, 2)(5, 28, 3)(33, 28, 2)(3, 29, 2)(18, 31, 4)(35, 31, 4)(34, 32, 4)(43, 32, 3)(24, 33, 5)(26, 33, 6)(12, 34, 3)(41, 35, 1)(15, 37, 3)(8, 39, 5)(32, 39, 1)(39, 39, 3)
Queue 0: [(36, 11, 2)]
Queue 1: [(11, 14, 4)]
Queue 2: [(28, 15, 1), (29, 15, 2)]
Queue 3: [(38, 13, 3)]
Queue 4: [(27, 11, 2)]
Time: 16
Clients: (6, 18, 2)(17, 19, 2)(47, 20, 2)(45, 21, 1)(10, 22, 1)(4, 23, 3)(40, 23, 1)(31, 24, 2)(42, 25, 3)(49, 26, 1)(0, 27, 2)(5, 28, 3)(33, 28, 2)(3, 29, 2)(18, 31, 4)(35, 31, 4)(34, 32, 4)(43, 32, 3)(24, 33, 5)(26, 33, 6)(12, 34, 3)(41, 35, 1)(15, 37, 3)(8, 39, 5)(32, 39, 1)(39, 39, 3)
Queue 0: [(36, 11, 1), (16, 16, 4)]
Queue 1: [(11, 14, 3)]
Queue 2: [(29, 15, 2)]
Queue 3: [(38, 13, 2)]
Queue 4: [(27, 11, 1)]
Time: 17
Clients: (6, 18, 2)(17, 19, 2)(47, 20, 2)(45, 21, 1)(10, 22, 1)(4, 23, 3)(40, 23, 1)(31, 24, 2)(42, 25, 3)(49, 26, 1)(0, 27, 2)(5, 28, 3)(33, 28, 2)(3, 29, 2)(18, 31, 4)(35, 31, 4)(34, 32, 4)(43, 32, 3)(24, 33, 5)(26, 33, 6)(12, 34, 3)(41, 35, 1)(15, 37, 3)(8, 39, 5)(32, 39, 1)(39, 39, 3)
Queue 0: [(16, 16, 4)]
Queue 1: [(11, 14, 2)]
Queue 2: [(29, 15, 1)]
Queue 3: [(38, 13, 1)]
Queue 4: []
Time: 18
Clients: (17, 19, 2)(47, 20, 2)(45, 21, 1)(10, 22, 1)(4, 23, 3)(40, 23, 1)(31, 24, 2)(42, 25, 3)(49, 26, 1)(0, 27, 2)(5, 28, 3)(33, 28, 2)(3, 29, 2)(18, 31, 4)(35, 31, 4)(34, 32, 4)(43, 32, 3)(24, 33, 5)(26, 33, 6)(12, 34, 3)(41, 35, 1)(15, 37, 3)(8, 39, 5)(32, 39, 1)(39, 39, 3)
Queue 0: [(16, 16, 3)]
Queue 1: [(11, 14, 1)]
Queue 2: [(6, 18, 2)]
Queue 3: []
Queue 4: []
Time: 19
Clients: (47, 20, 2)(45, 21, 1)(10, 22, 1)(4, 23, 3)(40, 23, 1)(31, 24, 2)(42, 25, 3)(49, 26, 1)(0, 27, 2)(5, 28, 3)(33, 28, 2)(3, 29, 2)(18, 31, 4)(35, 31, 4)(34, 32, 4)(43, 32, 3)(24, 33, 5)(26, 33, 6)(12, 34, 3)(41, 35, 1)(15, 37, 3)(8, 39, 5)(32, 39, 1)(39, 39, 3)
Queue 0: [(16, 16, 2)]
Queue 1: [(17, 19, 2)]
Queue 2: [(6, 18, 2)]
Queue 3: []
Queue 4: []
Time: 20
Clients: (45, 21, 1)(10, 22, 1)(4, 23, 3)(40, 23, 1)(31, 24, 2)(42, 25, 3)(49, 26, 1)(0, 27, 2)(5, 28, 3)(33, 28, 2)(3, 29, 2)(18, 31, 4)(35, 31, 4)(34, 32, 4)(43, 32, 3)(24, 33, 5)(26, 33, 6)(12, 34, 3)(41, 35, 1)(15, 37, 3)(8, 39, 5)(32, 39, 1)(39, 39, 3)
Queue 0: [(16, 16, 1)]
Queue 1: [(17, 19, 2)]
Queue 2: [(6, 18, 1)]
Queue 3: [(47, 20, 2)]
Queue 4: []
Time: 21
Clients: (10, 22, 1)(4, 23, 3)(40, 23, 1)(31, 24, 2)(42, 25, 3)(49, 26, 1)(0, 27, 2)(5, 28, 3)(33, 28, 2)(3, 29, 2)(18, 31, 4)(35, 31, 4)(34, 32, 4)(43, 32, 3)(24, 33, 5)(26, 33, 6)(12, 34, 3)(41, 35, 1)(15, 37, 3)(8, 39, 5)(32, 39, 1)(39, 39, 3)
Queue 0: [(45, 21, 1)]
Queue 1: [(17, 19, 1)]
Queue 2: []
Queue 3: [(47, 20, 1)]
Queue 4: []
Time: 22
Clients: (4, 23, 3)(40, 23, 1)(31, 24, 2)(42, 25, 3)(49, 26, 1)(0, 27, 2)(5, 28, 3)(33, 28, 2)(3, 29, 2)(18, 31, 4)(35, 31, 4)(34, 32, 4)(43, 32, 3)(24, 33, 5)(26, 33, 6)(12, 34, 3)(41, 35, 1)(15, 37, 3)(8, 39, 5)(32, 39, 1)(39, 39, 3)
Queue 0: [(45, 21, 1)]
Queue 1: [(10, 22, 1)]
Queue 2: []
Queue 3: []
Queue 4: []
Time: 23
Clients: (31, 24, 2)(42, 25, 3)(49, 26, 1)(0, 27, 2)(5, 28, 3)(33, 28, 2)(3, 29, 2)(18, 31, 4)(35, 31, 4)(34, 32, 4)(43, 32, 3)(24, 33, 5)(26, 33, 6)(12, 34, 3)(41, 35, 1)(15, 37, 3)(8, 39, 5)(32, 39, 1)(39, 39, 3)
Queue 0: [(4, 23, 3)]
Queue 1: [(10, 22, 1)]
Queue 2: [(40, 23, 1)]
Queue 3: []
Queue 4: []
Time: 24
Clients: (42, 25, 3)(49, 26, 1)(0, 27, 2)(5, 28, 3)(33, 28, 2)(3, 29, 2)(18, 31, 4)(35, 31, 4)(34, 32, 4)(43, 32, 3)(24, 33, 5)(26, 33, 6)(12, 34, 3)(41, 35, 1)(15, 37, 3)(8, 39, 5)(32, 39, 1)(39, 39, 3)
Queue 0: [(4, 23, 3)]
Queue 1: [(31, 24, 2)]
Queue 2: []
Queue 3: []
Queue 4: []
Time: 25
Clients: (49, 26, 1)(0, 27, 2)(5, 28, 3)(33, 28, 2)(3, 29, 2)(18, 31, 4)(35, 31, 4)(34, 32, 4)(43, 32, 3)(24, 33, 5)(26, 33, 6)(12, 34, 3)(41, 35, 1)(15, 37, 3)(8, 39, 5)(32, 39, 1)(39, 39, 3)
Queue 0: [(4, 23, 2)]
Queue 1: [(31, 24, 2)]
Queue 2: [(42, 25, 3)]
Queue 3: []
Queue 4: []
Time: 26
Clients: (0, 27, 2)(5, 28, 3)(33, 28, 2)(3, 29, 2)(18, 31, 4)(35, 31, 4)(34, 32, 4)(43, 32, 3)(24, 33, 5)(26, 33, 6)(12, 34, 3)(41, 35, 1)(15, 37, 3)(8, 39, 5)(32, 39, 1)(39, 39, 3)
Queue 0: [(4, 23, 1)]
Queue 1: [(31, 24, 1)]
Queue 2: [(42, 25, 2)]
Queue 3: [(49, 26, 1)]
Queue 4: []
Time: 27
Clients: (5, 28, 3)(33, 28, 2)(3, 29, 2)(18, 31, 4)(35, 31, 4)(34, 32, 4)(43, 32, 3)(24, 33, 5)(26, 33, 6)(12, 34, 3)(41, 35, 1)(15, 37, 3)(8, 39, 5)(32, 39, 1)(39, 39, 3)
Queue 0: [(0, 27, 2)]
Queue 1: []
Queue 2: [(42, 25, 1)]
Queue 3: []
Queue 4: []
Time: 28
Clients: (3, 29, 2)(18, 31, 4)(35, 31, 4)(34, 32, 4)(43, 32, 3)(24, 33, 5)(26, 33, 6)(12, 34, 3)(41, 35, 1)(15, 37, 3)(8, 39, 5)(32, 39, 1)(39, 39, 3)
Queue 0: [(0, 27, 2)]
Queue 1: [(5, 28, 3)]
Queue 2: [(33, 28, 2)]
Queue 3: []
Queue 4: []
Time: 29
Clients: (18, 31, 4)(35, 31, 4)(34, 32, 4)(43, 32, 3)(24, 33, 5)(26, 33, 6)(12, 34, 3)(41, 35, 1)(15, 37, 3)(8, 39, 5)(32, 39, 1)(39, 39, 3)
Queue 0: [(0, 27, 1)]
Queue 1: [(5, 28, 2)]
Queue 2: [(33, 28, 2)]
Queue 3: [(3, 29, 2)]
Queue 4: []
Time: 30
Clients: (18, 31, 4)(35, 31, 4)(34, 32, 4)(43, 32, 3)(24, 33, 5)(26, 33, 6)(12, 34, 3)(41, 35, 1)(15, 37, 3)(8, 39, 5)(32, 39, 1)(39, 39, 3)
Queue 0: []
Queue 1: [(5, 28, 1)]
Queue 2: [(33, 28, 1)]
Queue 3: [(3, 29, 1)]
Queue 4: []
Time: 31
Clients: (34, 32, 4)(43, 32, 3)(24, 33, 5)(26, 33, 6)(12, 34, 3)(41, 35, 1)(15, 37, 3)(8, 39, 5)(32, 39, 1)(39, 39, 3)
Queue 0: [(18, 31, 4)]
Queue 1: [(35, 31, 4)]
Queue 2: []
Queue 3: []
Queue 4: []
Time: 32
Clients: (24, 33, 5)(26, 33, 6)(12, 34, 3)(41, 35, 1)(15, 37, 3)(8, 39, 5)(32, 39, 1)(39, 39, 3)
Queue 0: [(18, 31, 3)]
Queue 1: [(35, 31, 4)]
Queue 2: [(34, 32, 4)]
Queue 3: [(43, 32, 3)]
Queue 4: []
Time: 33
Clients: (12, 34, 3)(41, 35, 1)(15, 37, 3)(8, 39, 5)(32, 39, 1)(39, 39, 3)
Queue 0: [(18, 31, 2), (26, 33, 6)]
Queue 1: [(35, 31, 3)]
Queue 2: [(34, 32, 3)]
Queue 3: [(43, 32, 2)]
Queue 4: [(24, 33, 5)]
Time: 34
Clients: (41, 35, 1)(15, 37, 3)(8, 39, 5)(32, 39, 1)(39, 39, 3)
Queue 0: [(18, 31, 1), (26, 33, 6)]
Queue 1: [(35, 31, 2)]
Queue 2: [(34, 32, 2)]
Queue 3: [(43, 32, 1), (12, 34, 3)]
Queue 4: [(24, 33, 4)]
Time: 35
Clients: (15, 37, 3)(8, 39, 5)(32, 39, 1)(39, 39, 3)
Queue 0: [(26, 33, 6)]
Queue 1: [(35, 31, 1), (41, 35, 1)]
Queue 2: [(34, 32, 1)]
Queue 3: [(12, 34, 3)]
Queue 4: [(24, 33, 3)]
Time: 36
Clients: (15, 37, 3)(8, 39, 5)(32, 39, 1)(39, 39, 3)
Queue 0: [(26, 33, 5)]
Queue 1: [(41, 35, 1)]
Queue 2: []
Queue 3: [(12, 34, 2)]
Queue 4: [(24, 33, 2)]
Time: 37
Clients: (8, 39, 5)(32, 39, 1)(39, 39, 3)
Queue 0: [(26, 33, 4)]
Queue 1: [(15, 37, 3)]
Queue 2: []
Queue 3: [(12, 34, 1)]
Queue 4: [(24, 33, 1)]
Time: 38
Clients: (8, 39, 5)(32, 39, 1)(39, 39, 3)
Queue 0: [(26, 33, 3)]
Queue 1: [(15, 37, 3)]
Queue 2: []
Queue 3: []
Queue 4: []
Time: 39
Clients: 
Queue 0: [(26, 33, 2)]
Queue 1: [(15, 37, 2)]
Queue 2: [(8, 39, 5)]
Queue 3: [(32, 39, 1)]
Queue 4: [(39, 39, 3)]
Time: 40
Clients: 
Queue 0: [(26, 33, 1)]
Queue 1: [(15, 37, 1)]
Queue 2: [(8, 39, 4)]
Queue 3: []
Queue 4: [(39, 39, 2)]
Time: 41
Clients: 
Queue 0: []
Queue 1: []
Queue 2: [(8, 39, 3)]
Queue 3: []
Queue 4: [(39, 39, 1)]
Time: 42
Clients: 
Queue 0: []
Queue 1: []
Queue 2: [(8, 39, 2)]
Queue 3: []
Queue 4: []
Time: 43
Clients: 
Queue 0: []
Queue 1: []
Queue 2: [(8, 39, 1)]
Queue 3: []
Queue 4: []
